comPort            :	2
comBps             :	9600
CmdSendLog         :	0
CmdRcvLog          :	0
CmdSendLog_Hex     :	0
CmdRcvLog_Hex      :	0
CommCheckLog       :	0
countMeter         :	1
readType           :	0
measure_offset[0]  :  	0 0 0 0 0 0 0 0 
measure_offset[1]  :  	0 0 0 0 0 0 0 0 
measure_offset[2]  :  	0 0 0 0 0 0 0 0 
measure_offset[3]  :  	0 0 0 0 0 0 0 0 
measure_offset[4]  :  	0 0 0 0 0 0 0 0 
measure_offset[5]  :  	0 0 0 0 0 0 0 0 
measure_offset[6]  :  	0 0 0 0 0 0 0 0 
measure_offset[7]  :  	0 0 0 0 0 0 0 0 
measure_offset[8]  :  	0 0 0 0 0 0 0 0 
measure_offset[9]  :  	0 0 0 0 0 0 0 0 
functionType       :	0
comBps2            :	0
comType2           :	0
autoStart          :	0
measure_gain[0] :	1.000000 1.000000 1.000000 1.000000 1.000000 1.000000 1.000000 1.000000 
measure_gain[1] :	1.000000 1.000000 1.000000 1.000000 1.000000 1.000000 1.000000 1.000000 
measure_gain[2] :	1.000000 1.000000 1.000000 1.000000 1.000000 1.000000 1.000000 1.000000 
measure_gain[3] :	1.000000 1.000000 1.000000 1.000000 1.000000 1.000000 1.000000 1.000000 
measure_gain[4] :	1.000000 1.000000 1.000000 1.000000 1.000000 1.000000 1.000000 1.000000 
measure_gain[5] :	1.000000 1.000000 1.000000 1.000000 1.000000 1.000000 1.000000 1.000000 
measure_gain[6] :	1.000000 1.000000 1.000000 1.000000 1.000000 1.000000 1.000000 1.000000 
measure_gain[7] :	1.000000 1.000000 1.000000 1.000000 1.000000 1.000000 1.000000 1.000000 
measure_gain[8] :	1.000000 1.000000 1.000000 1.000000 1.000000 1.000000 1.000000 1.000000 
measure_gain[9] :	1.000000 1.000000 1.000000 1.000000 1.000000 1.000000 1.000000 1.000000 
multiNum			:	0
connectionCheck		:	1
checkSumFlag		:	0
chPerModule			:	8
tempNonDisplay		:	0
auxStartCh[0BASE]	:	0
auxControlFlag		:	0
